1422724861.45 8.850519684 9.10127323953 -1.85528619599 
1422721261.45 -0.159843703762 -7.37518785079 -2.53567762903 
1422717661.45 8.19799958868 4.67489635638 -1.43862803755 
1422714061.45 6.2261174475 8.99298949256 -1.34304003267 
1422710461.45 -3.93683694811 4.45519680894 7.05378724074 
1422706861.45 4.2319067534 0.607434505669 7.73034621651 
1422703261.45 3.57242861636 7.02392883949 0.200175679569 
1422699661.45 2.84623920596 8.59676687014 1.04545187857 
1422696061.45 1.8861479288 8.81431236115 0.929226036891 
1422692461.45 -0.281436103846 -9.92395485775 5.27427376586 
1422688861.45 8.08079271847 8.20398611261 -1.71857013696 
1422685261.45 5.10696236209 -5.55171257565 8.10473708995 
1422681661.45 7.35071832266 -0.220448575362 9.46955864195 
1422678061.45 -7.29464552354 6.62827635048 6.13815330344 
1422674461.45 1.51509364024 2.13268114151 4.52583956587 
1422670861.45 -5.47145354953 3.89240040055 2.35039921492 
1422667261.45 -7.71943254405 8.86490647601 7.78443995048 
1422663661.45 6.05150339189 9.14335760425 7.97829558529 
1422660061.45 -5.44492959854 -2.60047841352 -0.475408041104 
1422656461.45 8.56510606097 -5.99940635102 8.45287778168 
1422652861.45 -9.35697529329 -8.8595797835 -5.27274358811 
1422649261.45 -8.1462538837 3.28930599781 -9.51405150947 
1422645661.45 0.539087108642 -3.70897197786 -3.70343673353 
1422642061.45 -0.618868964675 -4.42460876993 2.16735229521 
1422638461.45 1.64523035203 0.0936412956878 -7.53949703967 
1422634861.45 -8.68984554063 3.05187514488 -3.42235626526 
1422631261.45 5.09806631102 0.105358068584 -0.576653480784 
1422627661.45 -3.0778909972 -2.81118925169 0.690868086444 
1422624061.45 -0.125296607646 1.47101275725 -3.55858062256 
1422620461.45 -6.42493002269 7.71300806258 -8.47193639366 
1422616861.45 5.05095461957 -1.76117332 1.21227278376 
1422613261.45 9.73886074409 -2.41378938414 -3.4093745674 
1422609661.45 0.321711009387 3.16646814806 9.42348975191 
1422606061.45 2.4720032939 3.54282977814 9.16917144547 
1422602461.45 -6.10759444298 -4.60517888701 -3.89103577251 
1422598861.45 9.51695530964 -2.3766637024 -1.56878210967 
1422595261.45 9.20060038264 1.07843784459 -2.81986898591 
1422591661.45 6.24301359486 -2.05836158895 3.3557184498 
1422588061.45 -9.97992202529 6.53856394097 7.8054198763 
1422584461.45 -8.68680171628 6.93350433153 -8.81377813319 
1422580861.45 -2.37582447598 2.99166262658 -6.9147487651 
1422577261.45 3.84046728696 -8.80115149604 -6.39288128481 
1422573661.45 4.52860925153 2.48793350818 -8.53873959056 
1422570061.45 -3.64715914423 3.2622856773 0.0432834852454 
1422566461.45 8.42850799412 -7.79629889323 -6.73896877728 
1422562861.45 8.43221586828 -2.71350875668 -6.71266350369 
1422559261.45 3.92783521802 -2.49904953534 5.47913289551 
1422555661.45 4.88553664633 -2.00060484636 -8.68405243987 
1422552061.45 -3.39807529763 -0.0391749734132 3.59666388634 
1422548461.45 -8.96130204655 -5.57793612208 -9.12181534041 
1422544861.45 1.62498866899 1.27979390273 -7.28385962568 
1422541261.45 -3.69826100048 4.53657891529 0.351115314685 
1422537661.45 2.54086779236 -5.91257270297 6.26931921862 
1422534061.45 3.6490709449 -9.59083262897 -5.627615266 
1422530461.45 -0.218863541842 -1.85384848241 0.581655451759 
1422526861.45 8.16036353339 -2.84827838547 9.9431467842 
1422523261.45 -5.79196156868 -7.06767255106 -1.00089769182 
1422519661.45 0.104550013563 -5.27302385281 -6.2486187396 
1422516061.45 -0.676620910409 -8.9557565087 8.8600048131 
1422512461.45 -1.30907061608 0.118946299738 8.37858550618 
1422508861.45 2.49354077067 3.76872569727 -3.85883945234 
1422505261.45 -5.04709191892 3.59539764301 -2.2762444723 
1422501661.45 -9.99457141591 1.1393445837 1.90927794734 
1422498061.45 -0.919958319189 -2.98228491468 3.17205493137 
1422494461.45 6.45747430386 -2.10986714969 -0.40171068263 
1422490861.45 -8.90190769027 9.37845374339 -7.4100482038 
1422487261.45 -0.556877522581 6.54819457248 -0.660284895209 
1422483661.45 -8.65208677359 3.56464577694 -3.84094355899 
1422480061.45 -4.87135188305 8.31844991489 -4.89933917093 
1422476461.45 4.15540772232 -6.95591201557 -6.97151832401 
1422472861.45 8.55961214454 -4.38351605609 -0.829539777133 
1422469261.45 5.62534733513 6.94240826081 -8.81795572916 
1422465661.45 8.27725179626 -6.62195747882 -1.35607557582 
1422462061.45 1.69169977984 -9.36804938636 0.895414148006 
1422458461.45 -1.50884741049 3.71096638828 1.59290131729 
1422454861.45 4.98607503421 -2.7165011552 5.60538255665 
1422451261.45 6.04577763668 0.292982818048 0.267271125379 
1422447661.45 -4.37449422985 4.19472382555 4.74009904105 
1422444061.45 3.10206287169 -5.71663500268 -5.61208263166 
1422440461.45 -1.81413825046 -3.00033573828 8.72887845139 
1422436861.45 -2.04299757418 -4.65755269959 6.87523376445 
1422433261.45 3.46261251269 0.809566205929 -5.01755344486 
1422429661.45 0.374811329593 -6.10937499368 5.88259250382 
1422426061.45 7.94269967019 -6.27180469312 3.11094765858 
1422422461.45 2.77352171464 4.77130703865 -5.39939239956 
1422418861.45 -2.08033302964 -9.61686440645 2.18005543386 
1422415261.45 -3.34034779226 6.32521660929 1.42789068865 
1422411661.45 7.64602959547 -5.19693466263 5.2586154956 
1422408061.45 -0.360187494766 -8.47278485204 -4.32470730329 
1422404461.45 -8.73447338235 -8.28958549574 4.86556757603 
1422400861.45 7.14031483394 6.23481389936 -0.0641291522175 
1422397261.45 6.65085949262 7.39935369623 -1.72903017283 
1422393661.45 -0.831636476267 -3.88265177953 0.017411583366 
1422390061.45 1.525175699 -0.859099939206 -2.54251186454 
1422386461.45 5.2734145798 7.54174950149 7.10797896365 
1422382861.45 -5.66768855856 1.06990704112 -3.56202544196 
1422379261.45 -3.13915242997 -0.57969851598 -8.88075621117 
1422375661.45 -8.9953668468 -9.56590349837 7.27222220498 
1422372061.45 8.30767256182 7.98933322726 7.01719236721 
1422368461.45 -1.06054192058 -3.23436802186 8.71487519938 
1422364861.45 5.2511285708 2.71981208302 -7.10637763559 
1422361261.45 9.19514647821 -0.197336729574 -1.16847327644 
1422357661.45 -5.36193307485 -1.97263395184 6.49420529015 
1422354061.45 -4.62268007426 -2.53099314968 4.32288050657 
1422350461.45 -0.853562422915 -4.47014096931 3.76108897669 
1422346861.45 2.57452590251 -6.46415475669 -7.24706009939 
1422343261.45 2.83396265137 -6.73744215582 -8.8382915765 
1422339661.45 -2.46631595509 -2.32075751789 9.16819819669 
1422336061.45 -4.1981168316 3.79998673808 -8.65185778559 
1422332461.45 -7.50817286074 -2.65076241577 8.63848690411 
1422328861.45 2.50908713562 1.97626510515 -1.74621494796 
1422325261.45 -3.08325280676 -4.70761768624 5.03389269282 
1422321661.45 -1.69635607329 3.01664835086 3.63634463669 
1422318061.45 8.86317223951 3.89771514791 -6.04610163492 
1422314461.45 -7.932882949 -7.09490194432 6.48464993896 
1422310861.45 -0.128008627127 4.54756317593 9.01628763498 
1422307261.45 -7.06562518213 -3.90535595787 -8.32972165145 
1422303661.45 6.43432525292 -5.53423660195 7.52568998511 
1422300061.45 1.20501065392 8.64031715644 -5.13891803547 
1422296461.45 2.15180397575 -3.15056642921 -3.76516369025 
1422292861.45 -4.89749474101 -0.882447297103 9.02714160637 
1422289261.45 4.38138136409 5.56298132395 4.08661469584 
1422285661.45 -1.43663726225 -7.7155652129 -1.88352636293 
1422282061.45 -2.51883241285 9.21541526804 7.52092269912 
1422278461.45 1.62783859854 9.4668475599 9.5699208123 
1422274861.45 6.71489695008 4.31513558539 2.27632618389 
1422271261.45 -3.49613397171 7.39961780303 -3.99641066375 
1422267661.45 0.402126486132 -8.71244533331 -3.02136465595 
1422264061.45 -0.204410010097 -6.66755474913 -0.0709065231629 
1422260461.45 9.01711015942 2.82755051679 -8.67424524231 
1422256861.45 -0.757721537944 4.36023893162 6.93817713628 
1422253261.45 3.08221768883 5.28031963466 7.43301494149 
1422249661.45 2.44923665842 -8.27210351641 -8.88523112586 
1422246061.45 -7.86470741804 -6.24563618089 5.95841150949 
1422242461.45 5.08480861233 1.71438660339 7.16780967112 
1422238861.45 3.10558364306 -9.7542153929 4.43209826076 
1422235261.45 -5.45884175155 2.10466198351 6.14197249193 
1422231661.45 -9.00722308284 -6.99241084325 4.43005689954 
1422228061.45 1.24329666503 -0.539536497515 9.85847986373 
1422224461.45 8.53593192044 -9.68591936177 3.56375474298 
1422220861.45 -6.90886382637 5.21456812221 -3.41651406962 
1422217261.45 -5.95323701124 6.59351765376 3.82723678725 
1422213661.45 1.4845640995 -1.05330930921 -7.14905115809 
1422210061.45 -9.94152156365 -1.85782229135 9.58956947234 
1422206461.45 5.70192406492 -6.66982752854 1.72633888853 
1422202861.45 -9.81409770249 2.57730818328 -3.05854093917 
1422199261.45 2.09232956987 -7.27383691842 -6.24129852857 
1422195661.45 0.934391192152 -6.23065648819 -7.47961192337 
1422192061.45 3.59072494083 -1.27998843776 -2.18229237143 
1422188461.45 4.03649905733 -3.31595923467 3.24515337958 
1422184861.45 -6.43422286525 -2.8962652614 1.73561494787 
1422181261.45 5.41316385798 8.80580958454 -0.59992666235 
1422177661.45 -1.95295171328 5.18439247991 0.575157415222 
1422174061.45 5.19663718929 -8.59487832706 -7.93487612759 
1422170461.45 8.71589212301 -0.554004537556 4.09776393902 
1422166861.45 8.82172503773 8.15146034271 -8.53427680273 
1422163261.45 0.479790295869 9.60617035067 -5.87438763573 
1422159661.45 -2.99439760803 6.39978502287 9.13518410474 
1422156061.45 0.779753234784 8.04102412749 -0.404964373509 
1422152461.45 1.69304720181 0.228010132881 6.14310135678 
1422148861.45 -0.834430812928 9.6464151364 8.96156402206 
1422145261.45 9.47534595759 -9.85362211277 -4.78928081099 
1422141661.45 5.36169574521 -8.32795188169 8.3041969132 
1422138061.45 5.17177420745 -7.04500603102 -0.113312196157 
1422134461.45 1.36319790975 -9.59902272752 7.27609729084 
1422130861.45 -6.73097303877 0.553719204518 5.71161818725 
1422127261.45 -1.5293660413 -6.35927825797 7.97707285913 
1422123661.45 7.34887117583 1.04981464363 5.96619297422 
1422120061.45 -1.70032091552 -6.20015486978 9.70514045779 
1422116461.45 -4.88404229905 4.32390494851 1.03508839145 
1422112861.45 7.21233730294 7.04999728161 -6.79691241492 
1422109261.45 -8.89030330624 -2.42307638515 -8.51632352396 
1422105661.45 -6.20204021871 1.64814231603 1.53493140244 
1422102061.45 8.82456129365 5.06840290718 3.18497833463 
1422098461.45 -7.42356310763 -6.52929432331 3.95076168253 
1422094861.45 -0.835876460777 5.30753484084 6.82470497081 
1422091261.45 -0.0904533558612 0.0596492066285 8.94591913825 
1422087661.45 -7.01572774087 -4.53390851894 -2.48079753697 
1422084061.45 7.87785110404 -9.47178002812 1.80639681681 
1422080461.45 6.70805752811 -4.19315866908 1.50128584279 
1422076861.45 0.685310001727 5.29112038822 -8.08586138836 
1422073261.45 -1.72125187325 -0.18142859115 -2.75045678763 
1422069661.45 3.76224327279 -1.68772517669 8.25506921899 
1422066061.45 -6.26172001896 8.43188555679 1.15519122642 
1422062461.45 9.43084071181 -6.79654648064 6.49366186608 
1422058861.45 -4.60402644068 -1.587865239 -7.40429021439 
1422055261.45 -3.22775049444 -7.74474928786 3.6004533917 
1422051661.45 -5.61079535767 1.29325384809 5.42635458368 
1422048061.45 -7.76892911961 -0.322501656536 -0.572722273676 
1422044461.45 1.94226736097 -2.76980019762 -5.9372012093 
1422040861.45 5.14720129693 -2.75268333089 -2.28831796113 
1422037261.45 -7.69054119927 5.36165599113 7.92460658222 
1422033661.45 -3.14344389424 -9.38811605921 1.78907238089 
1422030061.45 5.2598440972 -0.331988105417 0.466187832544 
1422026461.45 8.38121636257 9.92453139018 7.7974973101 
1422022861.45 -5.55499366093 4.78998634001 -7.59170592241 
1422019261.45 -5.07668372833 5.11498856156 1.39717440056 
1422015661.45 0.0827959578379 -5.8726888272 -6.36648261776 
1422012061.45 -8.53143811846 -8.19771256119 6.34289911961 
1422008461.45 -5.11978667578 -4.00677670103 3.18121462535 
1422004861.45 -9.9115625372 -0.921311476793 -8.03093622592 
1422001261.45 8.95970140803 0.0281383658075 -2.98412428791 
1421997661.45 9.54470492001 -1.26271513441 5.48991883283 
1421994061.45 2.8096217608 -3.61136281047 -3.83540834394 
1421990461.45 0.315483211586 6.67879431337 -1.26441159278 
1421986861.45 4.00580961997 1.3694230237 4.34237790284 
1421983261.45 2.9389303776 3.18701305131 4.11069369085 
1421979661.45 -7.7405058471 -5.13957398125 -3.33281139718 
1421976061.45 9.68844070837 -2.57297600634 9.41086292376 
1421972461.45 -0.570530815924 -2.85183777583 2.58240988715 
1421968861.45 -4.77957383003 -5.09800661275 -1.57194655976 
1421965261.45 -3.97244465207 8.2991275317 2.21373481908 
1421961661.45 9.23564712218 1.32252340834 6.77827480943 
1421958061.45 -4.63915697914 4.14393118926 0.99796375598 
1421954461.45 -3.9075632038 -0.891294799632 2.01369953375 
1421950861.45 6.30420732089 -1.4390907231 -6.0543256948 
1421947261.45 0.778091528086 -8.77289580067 -6.59765463562 
1421943661.45 6.85076221287 5.78640543904 -4.16511618382 
1421940061.45 -7.67244555145 0.321572974715 9.431348947 
1421936461.45 -1.04429877061 -4.69752020331 -9.59842324715 
1421932861.45 -6.29715331454 -7.82148768824 3.92082383513 
1421929261.45 1.00406876839 -0.444081338803 -2.05924599583 
1421925661.45 2.70192107979 -3.57934703651 -2.56310808442 
1421922061.45 -3.19087719597 -4.8163850503 -1.4987284197 
1421918461.45 9.66551273691 -4.30507853536 1.4184739749 
1421914861.45 2.79428935839 -4.43658534667 8.4717564781 
1421911261.45 -0.16583300932 5.59730734025 -2.29426358059 
1421907661.45 -0.218707178831 -3.82220942555 -4.12774052783 
1421904061.45 -7.32208645186 3.79162798565 -1.91389158202 
1421900461.45 -6.58257370592 -0.956347449305 -9.58743438658 
1421896861.45 0.385776422058 -5.00394125234 -6.08766406266 
1421893261.45 -2.32029210834 9.55014355508 -3.85591559549 
1421889661.45 -7.57667538475 0.911242556843 -1.6212007805 
1421886061.45 -2.43778223025 -1.40836892462 4.89315319521 
1421882461.45 -7.34930152848 -0.0038764463313 9.47276049825 
1421878861.45 -2.64837071292 -5.80028432751 2.5657772363 
1421875261.45 2.03511700694 -4.57807092013 -3.12183585596 
1421871661.45 -0.436921716251 -2.0320838258 8.02669172492 
1421868061.45 -7.32501482822 9.2673583354 -3.32564294254 
1421864461.45 9.0199469252 -1.80619401062 -3.03046816425 
