1422721878.36 9.38010053539 2.27435649681 4.6442394093 
1422718278.36 4.4911989035 -3.73835841699 -2.94851158635 
1422714678.36 -6.43420617171 -0.757118314229 0.936783147642 
1422711078.36 -2.43510346782 -0.835416128193 -8.99495575696 
1422707478.36 -9.46832880694 8.31693338744 5.48470323828 
1422703878.36 7.31921940265 -5.25566951335 -2.19852898053 
1422700278.36 1.35321122624 9.00672827204 -0.361646375425 
1422696678.36 -8.49890096968 -2.71699121023 0.172624174884 
1422693078.36 2.18956797312 0.857297009324 7.27653800288 
1422689478.36 3.35557030575 -9.03892906232 -9.97573974279 
1422685878.36 -8.00651432303 -0.103027419848 6.46501534252 
1422682278.36 8.49965581876 -0.473416681821 7.12673022807 
1422678678.36 8.29372616341 -7.13339801052 4.57505100939 
1422675078.36 -0.691386485688 9.41945138231 9.90225140693 
1422671478.36 -5.68541084154 0.939526115291 -8.94356369218 
1422667878.36 -8.62017290695 -4.63012986861 5.22239898892 
1422664278.36 9.99699679611 -1.34388582329 -3.40728460048 
1422660678.36 -6.93775092448 0.561054419306 -2.26614240189 
1422657078.36 7.75326827645 -0.500902758741 -7.50542655622 
1422653478.36 6.18340578496 -1.4964227912 1.07249164835 
1422649878.36 -3.46721004818 8.40809978643 -0.664984489036 
1422646278.36 -1.72605268748 -5.92390226211 4.41979606326 
1422642678.36 -8.08838262105 4.08251520126 -7.12627088649 
1422639078.36 -7.33535259857 8.68543256844 7.92074524341 
1422635478.36 3.58632166322 -3.07651195735 -0.267137663447 
1422631878.36 9.06059978511 6.2804108557 3.35366420628 
1422628278.36 -0.629764035833 -5.25277241891 -4.36984029919 
1422624678.36 3.87397118214 -6.17931190303 7.63874889746 
1422621078.36 2.51768018819 8.2728425819 0.0169356076252 
1422617478.36 4.53836326869 9.90196082083 8.86626774146 
1422613878.36 -5.68708796575 -1.13516878083 -3.23121142126 
1422610278.36 6.44463817843 6.64862000907 1.90267369914 
1422606678.36 -3.51668121662 -3.08390802854 3.42800747195 
1422603078.36 -1.22504356362 6.69240888157 3.88564702565 
1422599478.36 -5.90573763432 5.61681924814 -8.42239666019 
1422595878.36 -6.97528713237 9.58056832967 8.58209173629 
1422592278.36 0.711210471353 0.92272858269 6.98876311014 
1422588678.36 -3.87282892308 -6.63477455578 1.46702922193 
1422585078.36 4.08734283601 -6.94994659584 3.30456025093 
1422581478.36 4.5398699721 8.45277053915 7.20883734738 
1422577878.36 -5.86370239693 8.52493505739 5.05737998525 
1422574278.36 -8.38375101354 -1.19745377876 3.16110904346 
1422570678.36 -3.07413861001 -2.33567621809 2.87432662505 
1422567078.36 -9.30993673003 -4.90459115303 -5.58409659249 
1422563478.36 -4.30894918639 8.05100790954 -1.10666572898 
1422559878.36 -9.3099948956 -6.44134704999 -6.76043134828 
1422556278.36 5.7466369846 8.87006985721 -9.2248287611 
1422552678.36 4.61516392503 -3.65273590712 -3.7769402373 
1422549078.36 -0.8096605662 4.93580010557 1.19788326686 
1422545478.36 9.65671181389 4.5443929773 6.72114552845 
1422541878.36 2.20329855769 4.01192315644 2.10523923031 
1422538278.36 2.80310683554 3.78989516097 -0.650593683003 
1422534678.36 7.11641140987 -3.55783748398 7.18177555442 
1422531078.36 -6.78335850551 2.66508641259 -2.97646734327 
1422527478.36 9.64987943674 -4.50646451962 -5.91829669498 
1422523878.36 -1.3031883542 -1.41287070166 -0.479208653608 
1422520278.36 -0.479882167339 3.03067147995 1.40409973873 
1422516678.36 1.57508673582 6.82590307101 6.28893493334 
1422513078.36 -4.23556926096 3.64312721507 -9.55865496161 
1422509478.36 -3.67624072338 1.14553450761 9.35381734842 
1422505878.36 8.77854306181 -5.7170447228 8.45178947329 
1422502278.36 -4.4208407735 -2.0096409321 6.00513162062 
1422498678.36 2.35475198902 6.46749512281 0.908901013883 
1422495078.36 8.98952449103 -7.60227914603 8.12860712772 
1422491478.36 -7.46958109327 1.31858848029 -4.74603547758 
1422487878.36 5.88372778466 -7.78398798579 4.93587622162 
1422484278.36 4.75750920825 -7.61988747683 0.842488979855 
1422480678.36 -1.64799964184 8.99975447968 -9.7210778481 
1422477078.36 1.87095576963 -4.9816059348 9.54680870531 
1422473478.36 -2.39330558362 6.44953006433 0.61780235876 
1422469878.36 0.488793406127 -1.53237935407 -8.34850040685 
1422466278.36 6.63821609862 6.496702022 -2.31178091692 
1422462678.36 -5.06629991553 -4.10754504063 5.9684324356 
1422459078.36 -1.54166417904 -8.7506906147 6.49059685902 
1422455478.36 4.46806363934 9.19503800121 7.36750656611 
1422451878.36 1.18369162597 -5.88352671193 -8.49065351712 
1422448278.36 0.0033272553607 -1.35689436652 7.32011597628 
1422444678.36 -2.09474962774 -5.22627709451 -9.98882714207 
1422441078.36 3.64261731606 2.28048386017 7.69245657945 
1422437478.36 2.94386694932 -6.51311164841 1.99800326015 
1422433878.36 9.07422368506 0.5740538213 -5.31189687518 
1422430278.36 -6.77185110697 2.19107983307 -3.42423735594 
1422426678.36 0.183771527958 5.41632687849 -0.884374544579 
1422423078.36 5.024834464 -6.94555905354 4.10793338106 
1422419478.36 -9.77723364237 -3.0890463687 -7.89434339814 
1422415878.36 4.6388392858 -4.1520057546 6.98528098778 
1422412278.36 -7.06301169069 4.29613793575 -3.85843936806 
1422408678.36 -0.475091637822 -9.6371391728 -5.16872338115 
1422405078.36 5.25809522716 -8.62593900888 -7.63978419697 
1422401478.36 2.13688406578 -1.58897679127 1.1279432124 
1422397878.36 2.52882972084 0.334599754909 -4.58390907434 
1422394278.36 -7.31325121238 -7.00678706384 4.95923896871 
1422390678.36 -5.72719902262 -8.11300824029 -4.74848424897 
1422387078.36 -7.7907295632 8.73807667593 -4.06949066364 
1422383478.36 8.06299621057 -9.94597319627 -7.97608654459 
1422379878.36 7.04096649713 -4.08852366539 1.47395191994 
1422376278.36 -7.98146472117 9.35057730666 5.11832658689 
1422372678.36 -1.3960666216 -9.16098973019 -6.51450324582 
1422369078.36 3.18050627 5.79865820187 4.25459169543 
1422365478.36 -5.572220473 1.44903207001 0.651331694207 
1422361878.36 6.46096070924 -5.19043054967 -4.00237462991 
1422358278.36 -3.97091349818 -6.76246113954 -3.63821958981 
1422354678.36 -4.59430685639 -5.30987251492 -8.55932874718 
1422351078.36 8.50249052328 4.62440970455 7.39932818975 
1422347478.36 -2.84234024252 6.85760836339 -8.48429087719 
1422343878.36 -5.69509878595 -2.93879183701 -8.27934562577 
1422340278.36 9.40239580573 6.36635495447 6.97890349141 
1422336678.36 7.31340785438 3.29182820772 2.0734852472 
1422333078.36 1.88099287238 2.15338706981 -9.99065908391 
1422329478.36 -1.22113943202 3.26663072774 -6.98720822735 
1422325878.36 -8.87650957494 -8.30861204607 -9.01357236546 
1422322278.36 -8.15484826873 0.814084439628 -8.08166768605 
1422318678.36 5.69297514676 0.546266918365 8.05821632728 
1422315078.36 -8.9273069792 0.000577880421749 -7.55102257235 
1422311478.36 4.01898091265 -2.35537982531 9.68225066828 
1422307878.36 -8.57679503868 3.82788820109 5.3059218594 
1422304278.36 -5.0328970833 6.97831351185 -4.39456017487 
1422300678.36 3.32335782606 -2.23958306976 -2.58098841647 
1422297078.36 -7.48561007006 0.413924300187 8.17032424614 
1422293478.36 3.47919827221 8.63291870047 -6.8011376908 
1422289878.36 -4.579556302 2.30333244621 -3.08817413495 
1422286278.36 0.0100389510877 7.48379827193 3.08225335479 
1422282678.36 -7.57677877912 9.66718089652 -4.31941292978 
1422279078.36 8.62480545309 -3.5878437319 7.92808766518 
1422275478.36 -3.78398230466 7.38641782363 0.0180830546444 
1422271878.36 -8.65669890145 -0.384297755852 7.90465566532 
1422268278.36 7.45878436743 -9.85464578445 8.05699952197 
1422264678.36 -7.31739503842 7.76788468984 -0.504285936775 
1422261078.36 3.75494672776 -9.41923063807 0.703281420922 
1422257478.36 -1.11281848919 2.98348711767 -6.96403278713 
1422253878.36 -0.260805254482 6.65520888834 -8.45714158319 
1422250278.36 4.73452985096 -2.84944785361 3.58638129646 
1422246678.36 -8.3200613967 3.67945372873 -5.139516987 
1422243078.36 -3.50255513915 7.00875964558 -5.33908715621 
1422239478.36 -1.41858726109 -4.8749871752 -9.02095108294 
1422235878.36 -4.49481797216 2.54028007811 7.34317117884 
1422232278.36 -5.51925409927 -8.35517603517 -0.270515631696 
1422228678.36 -8.8759910799 -6.45147367628 -0.852342587787 
1422225078.36 9.85028947668 8.23168903906 -2.95283851145 
1422221478.36 -9.68842788727 -9.61651552788 -3.66153153479 
1422217878.36 -6.78381641882 7.87068511373 -8.04355395061 
1422214278.36 6.98539558144 -3.87943732919 8.78209049023 
1422210678.36 1.54251449813 -0.420668197955 9.44644513732 
1422207078.36 6.59447313838 -8.44262145694 -4.13205864492 
1422203478.36 1.66693994117 -3.96550465007 2.32975302597 
1422199878.36 5.54951879047 7.15325350091 -9.56987414768 
1422196278.36 0.171740872989 9.85853777187 -7.78358593218 
1422192678.36 8.06613562711 8.60140020435 1.93678611916 
1422189078.36 2.49480743628 -3.55843925837 4.1962636282 
1422185478.36 -1.25881346803 -8.44875313934 -7.57535586389 
1422181878.36 4.06518283986 -0.289186939559 1.97528106553 
1422178278.36 1.53490913142 -4.5093579166 6.91009788099 
1422174678.36 7.07297763693 4.90567494286 4.22658866391 
1422171078.36 -0.168488858072 -1.85071777642 7.97203310164 
1422167478.36 2.70703112955 -8.71377561568 -4.53051746625 
1422163878.36 -2.04166033964 4.79004868058 -7.91638725068 
1422160278.36 3.55492231119 -4.40127117355 -4.86140020959 
1422156678.36 7.75312696116 -5.69567647499 -4.35868790407 
1422153078.36 -3.82964727705 -6.76398321902 5.18057460176 
1422149478.36 0.694157943489 3.49260270309 8.87818411212 
1422145878.36 -2.12262210076 -4.37071326327 5.44452432457 
1422142278.36 -6.41945359226 0.983874925876 2.71111994183 
1422138678.36 1.31230540031 -5.39717803241 0.307633607976 
1422135078.36 8.75734574635 6.99664321888 -3.13996833094 
1422131478.36 6.21768562503 -1.95702748662 4.57406154373 
1422127878.36 9.71363169387 6.39114004152 -5.99632093094 
1422124278.36 -1.0866588598 3.9570541482 -9.77484048536 
1422120678.36 5.66890249132 -9.90071683407 -9.52962070663 
1422117078.36 -3.54774377582 7.16854987844 6.00514095416 
1422113478.36 9.07085319901 3.56023100495 -6.8154216892 
1422109878.36 -8.62354880221 6.31184604692 -9.91447621606 
1422106278.36 -2.200609403 -5.51287059356 6.71404033309 
1422102678.36 5.9208613813 8.61821196159 0.668521076758 
1422099078.36 0.935382618646 -3.2934216866 5.59044479574 
1422095478.36 -2.83146229266 -9.55517476062 5.90367654956 
1422091878.36 -9.81834283859 -8.69862848864 5.51828602618 
1422088278.36 -7.8972748889 -0.735922080437 -4.52538605345 
1422084678.36 -2.06001509945 4.48849393721 -7.32215340076 
1422081078.36 7.12013626369 7.28059437419 1.1885424635 
1422077478.36 -4.89544829918 2.00270150655 1.35504923562 
1422073878.36 2.4324515825 -9.46298701821 3.22071273035 
1422070278.36 -5.52532817778 -7.97639812158 -0.915281193998 
1422066678.36 -0.5111736404 9.58093829188 0.39043908446 
1422063078.36 -0.565808323298 -2.38763487913 -1.89696899654 
1422059478.36 -4.37537129832 2.66789531875 -6.0608163431 
1422055878.36 7.52105796593 -7.12049789237 -0.149672702714 
1422052278.36 -0.251594109906 -6.75717076372 -0.355749920869 
1422048678.36 -4.07131920087 -8.23529081878 -3.23910804108 
1422045078.36 -7.84681651668 -0.252371662275 6.57830704977 
1422041478.36 4.90025846036 6.1898877691 8.68702524497 
1422037878.36 -9.2150891041 -2.15180136717 2.19412851314 
1422034278.36 5.79724786567 0.135704759995 -7.16257421406 
1422030678.36 9.93679923897 -0.904398186036 -8.0583991767 
1422027078.36 9.42484718575 1.99439403049 -3.51245112555 
1422023478.36 9.84623286593 -0.592888358204 3.44197681031 
1422019878.36 -8.01968353651 3.39620138004 -2.57442984525 
1422016278.36 9.08654356709 2.90586343745 3.1635704714 
1422012678.36 7.66818045824 3.77714201196 -5.85988693192 
1422009078.36 8.80074576819 -3.88385579591 6.58084654348 
1422005478.36 1.27245517573 -5.08878503812 5.34527101014 
1422001878.36 8.89278482028 6.61349102767 -5.74843443291 
1421998278.36 -3.9593078253 -4.48340199893 0.0921637948172 
1421994678.36 0.875292233315 -5.67262596283 -7.47840047228 
1421991078.36 -6.62002328648 -8.29270752465 -4.95216319673 
1421987478.36 0.219320751234 6.05670964809 -1.712488682 
1421983878.36 -7.76336735159 9.3583118925 -5.69733173969 
1421980278.36 -1.07353764899 8.21812438412 -8.42929390627 
1421976678.36 5.30125564117 8.11475079917 -2.08843390899 
1421973078.36 2.91502665371 6.44117483343 -2.68532867198 
1421969478.36 -0.428116003055 6.3971400937 -4.88379170858 
1421965878.36 -6.547878213 1.90577373084 2.05325160277 
1421962278.36 6.78118651565 -4.84508498697 2.98844812335 
1421958678.36 9.59715998043 -2.22370820338 4.59810431173 
1421955078.36 -4.23342941791 -2.10592408029 6.45924622933 
1421951478.36 8.15705607325 -4.64368902486 4.78988700634 
1421947878.36 6.82833215413 -4.05284368146 8.73256234006 
1421944278.36 9.02648861858 -1.99866313181 -6.28878470808 
1421940678.36 5.49292534062 -6.86136418634 -9.25365315661 
1421937078.36 1.32777159294 -7.77437037575 -5.46907133892 
1421933478.36 -8.30522136518 -9.41456264959 5.01983972585 
1421929878.36 6.69328057162 -5.92657350883 -2.36119425038 
1421926278.36 2.21508989462 -1.82943786856 9.69871154538 
1421922678.36 -8.4544050753 1.42693024356 -4.73493532095 
1421919078.36 4.13474780841 6.33525199673 3.82541774963 
1421915478.36 2.6915331511 7.20474489655 -5.16965151946 
1421911878.36 -5.18532438524 -7.42131289347 -2.81012814701 
1421908278.36 9.00542747644 7.2768065797 4.91533492364 
1421904678.36 3.92048674648 2.81789017306 -5.74340317555 
1421901078.36 3.12751186129 -3.08408078961 5.52274131539 
1421897478.36 -9.19597327931 6.32117396505 6.83134063279 
1421893878.36 -4.0419394132 8.30901228654 2.73138488881 
1421890278.36 2.7249481259 -0.356663362555 -9.37984070586 
1421886678.36 3.42482129155 5.90927867812 -8.32307177633 
1421883078.36 7.25706754506 -4.00010523492 4.21774379112 
1421879478.36 -9.09528007151 6.77282405962 8.71211023124 
1421875878.36 7.47301305801 4.00567232646 5.67315901362 
1421872278.36 1.88907000408 -0.67998996429 -2.67623959129 
1421868678.36 -2.73517478444 5.16100996475 2.21045264489 
1421865078.36 6.46520267885 2.57034151577 6.33114080959 
1421861478.36 5.82349127516 -4.79301981747 7.20750956117 
